0,426
0,425
0,424
0,423
0,422
0,421
44,5
0,420
0,419
0,418
0,417
44,4
0,416
0,415
0,414
0,413
0,412
0,411
0,410
0,409
44,3
44,2
0,408
44,1
44,0
0,407
0,406
43,3
43,2
0,405
43,1
43,0
0,404
0,403
0,402
0,401
42,5
0,400
0,399
0,398
0,397
42,4
0,396
0,395
0,394
42,3
42,2
0,393
42,1
42,0
0,392
41,4
41,3
41,2
41,1
41,0
0,391
0,390
0,389
0,388
0,387
0,386
40,4
40,3
40,2
40,1
40,0
0,385
0,384
0,278
0,319
0,318
39,3
39,2
39,1
39,0
38,3
38,2
38,1
38,0
0,317
0,316
37,4
37,3
37,2
37,1
37,0
36,3
36,2
0,283
0,243
36,1
36,0
35,3
